image: /home/z/carto_map/206-1.pgm
resolution: 0.050000
origin: [-0.748534, -3.532526, 0.0]
negate: 0
occupied_thresh: 0.65
free_thresh: 0.196
