image: /home/z/carto_map/206-4.pgm
resolution: 0.050000
origin: [-0.753164, -3.270260, 0.0]
negate: 0
occupied_thresh: 0.65
free_thresh: 0.196
